3 7 6 4
3 7 6 4
1 7 7 4
[[5.9604645e-08 1.3709068e-06 2.4437904e-06 9.9923545e-01 0.0000000e+00
  3.0156970e-04 2.0265579e-06 8.4251165e-05 6.5463781e-04 1.1920929e-07
  4.0531158e-06 8.9025497e-04 2.5421381e-04 2.8824806e-04 4.7683716e-07
  6.2584877e-07 1.3038218e-03 9.9612164e-01 4.3511391e-06 1.1116266e-05
  1.1861324e-05 1.6689301e-05 1.4901161e-07 5.6624413e-06 5.4240227e-06
  1.4694124e-02 9.2294067e-01 1.1549592e-03 5.1259995e-06 0.0000000e+00
  0.0000000e+00 5.9604645e-08 0.0000000e+00 2.0861626e-07 9.9999982e-01
  0.0000000e+00 5.0663948e-07 2.0861626e-07 0.0000000e+00 2.9802322e-08]]
[[2.6822090e-06 5.1016682e-01 1.4799833e-04 3.8676721e-01 5.7792664e-04
  1.7516911e-03 2.2619963e-05 2.5542676e-03 1.1647642e-03 5.0437450e-04
  2.4411082e-04 2.9427564e-01 1.3653040e-03 2.5972128e-03 9.9858642e-04
  2.2250414e-04 1.1777580e-03 6.3079774e-01 1.7151237e-04 8.5386634e-04
  7.0333481e-05 3.1564832e-03 5.3429604e-04 1.7110705e-03 6.4999461e-03
  9.4303489e-04 1.2026936e-02 9.3944287e-01 7.2655082e-04 3.1650066e-05
  1.4901161e-07 4.2349100e-05 5.5372715e-05 2.0107627e-04 9.9940288e-01
  1.4781952e-05 8.4936619e-06 2.2560358e-05 8.8810921e-06 9.2029572e-05]]
0.9795743972063065 0.507248692214489
Model accuracy on the adversarial test set: 90.00%
Adversarial samples crafted and saved to data/ subfolder.

Process finished with exit code 0